IntrinsicCamera  
4
120

2048
2448

2.33681355857577180e+003
1.00000000000000000e+000
1.00051721473324790e+003
1.18069377890859320e+003

8.06509958447684890e-004
-5.94670109024956210e-004
-6.56471890090154770e-002
-1.47508505415390630e-002
6.15994717089311860e-001
-1.62242151627535790e+000
1.45822720525897600e+000
1.00051721473324790e+003
1.18069377890859320e+003


6.33658164208450360e-003
-1.65472467384836720e+000
-1.76739173671290800e-001

5.32557046601760190e-002
7.29180372979560100e-003
4.96556290979861120e-003


