IntrinsicCamera  
4
120

2448
2048

2.34316765175190950e+003
1.00000000000000000e+000
1.23196481845475110e+003
1.02679230907978190e+003

3.72834733006675920e-004
-2.82837094863344530e-004
-6.82747908640133900e-002
5.31220251079897320e-002
2.26900262569404460e-001
-6.15115951951571980e-001
5.11696360198957700e-001
1.23196481845475110e+003
1.02679230907978190e+003


1.10837327918717820e+001
-4.74218948450488220e-002
4.78621773286000700e-001

9.29822002617115490e-003
-5.44041211093271100e-002
-4.51594690202225620e-003


