IntrinsicCamera  
4
120

1024
1280

9.50685824499438810e+002
1.00000000000000000e+000
4.98467621964743220e+002
6.35961338883132840e+002

-1.89444289612922330e-004
-2.39452694824575480e-004
1.17793275969794910e-001
-7.25673377171410370e-002
-6.08043796399050440e-002
8.15187042436105320e-002
-4.97369753002975190e-002
4.98467621964743220e+002
6.35961338883132840e+002

IntrinsicCamera  
4
120

1.00000000000000000e+000
1.00000000000000000e+000

1.67589392271449670e+002
1.00000000000000000e+000
4.06465742072386150e+001
3.36818666632387010e+001

6.72488173540557390e-005
-6.28156534042700300e-004
-1.15222682424198860e-001
1.01215895423332840e-001
1.04898867308938800e-001
-1.37737587764546640e-001
5.48601667627456740e-002
3.96089199294870370e+001
3.25850246074838030e+001


-1.35213570944201810e-003
9.51221153680240940e+000
-5.64415840154125910e-002

-1.43065024305139080e-002
2.64257462128286810e-004
-1.95635578938395750e-001


