IntrinsicCamera  
4
120

2448
2048

2.34874184547129560e+003
1.00000000000000000e+000
1.21285585822633970e+003
1.06966435429022980e+003

-4.88538088908217430e-004
-6.26955895177799950e-004
-7.48904656193870870e-002
9.30620030981176160e-002
1.35641143902275080e-001
-5.96493496551641410e-001
6.48747451532544210e-001
1.21285585822633970e+003
1.06966435429022980e+003


9.40573618835674630e+000
-9.15053570182417920e-002
5.46212603246495450e-001

6.22573619033602120e-004
-1.10730816624183530e-001
-5.59328051440064360e-003


