IntrinsicCamera  
4
120

2048
2448

2.33348766264101320e+003
1.00000000000000000e+000
9.92676469112111250e+002
1.21253022789479540e+003

1.75749364815928270e-003
-4.26881890852047240e-005
-7.35824645080137290e-002
4.70432516039877500e-002
3.42499646839766410e-001
-1.04083725972468000e+000
1.00720871576269590e+000
9.92676469112111250e+002
1.21253022789479540e+003


-2.40067234441668880e-002
-1.62831044036567320e+000
-1.68082131994139070e-001

5.06526664444479570e-002
-2.22503662844026390e-004
-1.71575927381709540e-003


