IntrinsicCamera  
4
120

2448
2048

2.34874184547129560e+003
1.00000000000000000e+000
1.21285585822633970e+003
1.06966435429022980e+003

-4.88538088908217430e-004
-6.26955895177799950e-004
-7.48904656193870870e-002
9.30620030981176160e-002
1.35641143902275080e-001
-5.96493496551641410e-001
6.48747451532544210e-001
1.21285585822633970e+003
1.06966435429022980e+003


1.10410081694197990e+001
-8.42013272345743520e-002
5.56286363782069860e-001

3.64953676847164960e-004
-5.99537609750772640e-002
-3.64003627331318080e-003


