IntrinsicCamera  
4
120

1024
1280

9.50293987534003690e+002
1.00000000000000000e+000
5.21328656668629380e+002
6.42087063735274000e+002

-5.97349272652280480e-004
-2.35424798039305780e-004
1.14799027894357130e-001
-8.00734787928695240e-002
-2.08141951375986140e-002
-1.53103125483036990e-002
2.34477262733437210e-002
5.21328656668629380e+002
6.42087063735274000e+002

IntrinsicCamera  
4
120

1.00000000000000000e+000
1.00000000000000000e+000

1.67828897046352100e+002
1.00000000000000000e+000
4.31345399203274620e+001
2.97711839825446990e+001

-7.28983465758129350e-005
-9.74083925185273920e-004
-1.16715500795259290e-001
1.00557191309191500e-001
1.07647041180495310e-001
-1.40307577314908260e-001
5.52357765436231120e-002
4.16617296222975360e+001
2.85437844268325410e+001


-4.74228196906263800e-002
9.51867032851922450e+000
-6.33415052694028540e-002

-1.36102721989487340e-002
8.21380350315258080e-003
-1.95217952051039510e-001


