IntrinsicCamera  
4
120

2048
2448

2.33910770443357480e+003
1.00000000000000000e+000
1.00328328929913040e+003
1.25817161113886690e+003

8.78154127650970870e-004
-8.72626472930496780e-005
-7.32838861723222740e-002
8.94165018017031020e-002
-9.21754459528692920e-002
4.15704598238140880e-001
-5.86723830877993510e-001
1.00328328929913040e+003
1.25817161113886690e+003


-2.40047681144266170e-002
-1.62612284854939790e+000
-1.45049275139252980e-001

4.58422351431984340e-002
2.66860696997412450e-003
5.67653207262880030e-003


