IntrinsicCamera  
4
120

2448
2048

2.34106535391124410e+003
1.00000000000000000e+000
1.22384355663262750e+003
1.05074640268774190e+003

-1.99597236003197620e-004
-6.57035530772924680e-004
-7.81292156702269590e-002
1.32469089994782320e-001
-2.13056704220740020e-001
4.55376141020714500e-001
-4.30698649357574400e-001
1.22384355663262750e+003
1.05074640268774190e+003


9.40323663234399020e+000
2.11387177735540830e-002
5.22154656746653620e-001

-2.03645403805608700e-003
-1.05665450419784580e-001
-1.75582499377378880e-003


