IntrinsicCamera  
4
120

2448
2048

2.34106535391124410e+003
1.00000000000000000e+000
1.22384355663262750e+003
1.05074640268774190e+003

-1.99597236003197620e-004
-6.57035530772924680e-004
-7.81292156702269590e-002
1.32469089994782320e-001
-2.13056704220740020e-001
4.55376141020714500e-001
-4.30698649357574400e-001
1.22384355663262750e+003
1.05074640268774190e+003


1.10385209460734860e+001
3.21176043776009170e-002
5.46798570192119080e-001

9.62172978975422170e-004
-5.97430954145815180e-002
-7.44751898594234880e-003


