IntrinsicCamera  
4
120

1024
1280

9.52423582817190320e+002
1.00000000000000000e+000
5.25356688573464790e+002
6.48529800673751420e+002

-6.58777738166870660e-004
3.73058526075467320e-004
1.22698396570506480e-001
-1.13205887392593170e-001
6.93354534558574400e-002
-1.08155725310485900e-001
5.06702635165209580e-002
5.25356688573464790e+002
6.48529800673751420e+002

IntrinsicCamera  
4
120

1.00000000000000000e+000
1.00000000000000000e+000

1.68487839652102710e+002
1.00000000000000000e+000
4.17896030127105290e+001
3.44249422419939530e+001

-9.06379081004042870e-006
-6.31718372829731250e-004
-1.21189697098999060e-001
1.27437849307027230e-001
6.12836365033523620e-002
-1.06081381394220840e-001
4.67731553574119510e-002
4.04280258605599340e+001
3.25569759358446260e+001


7.89262238109925550e-002
9.51218346604267670e+000
-4.37521311480656500e-002

-1.58443217575269070e-002
3.43876078044310940e-003
-2.01200935827825030e-001


