IntrinsicCamera  
4
120

2048
2448

2.33351199765380440e+003
1.00000000000000000e+000
1.01959566093701160e+003
1.28156019945598090e+003

1.58531485723244470e-003
-4.60500027687741720e-004
-7.12620210131272440e-002
3.66230131227422360e-002
3.29366518025871080e-001
-9.15826676876067670e-001
8.44308979774321510e-001
1.01959566093701160e+003
1.28156019945598090e+003


-6.48958912053783370e-003
-1.62644029009571180e+000
-1.71438927997401070e-001

3.71249789035153210e-002
-1.41044858945433590e-003
-2.09417899527361000e-003


