IntrinsicCamera  
4
120

2448
2048

2.33779435847981540e+003
1.00000000000000000e+000
1.20607847239326470e+003
1.01373541569572920e+003

5.07012627128249330e-004
6.24583845977548650e-005
-6.73997020205495120e-002
4.04208990815004550e-002
2.50127578967835660e-001
-6.09472004163517990e-001
4.62132026081140010e-001
1.20607847239326470e+003
1.01373541569572920e+003


9.43238449937005010e+000
-1.07627873597191950e-002
5.34772942894168770e-001

3.15986857328845500e-003
-1.01883634391036090e-001
-4.75819137733394380e-003


