IntrinsicCamera  
4
120

1024
1280

9.55244057374428280e+002
1.00000000000000000e+000
5.02504938245720890e+002
6.38733579642808990e+002

-1.49619393351897900e-003
-8.93187345590930100e-005
1.23705725649213300e-001
-1.30427108424340160e-001
1.74799849235122010e-001
-3.42463188505291230e-001
2.21905716085755770e-001
5.02504938245720890e+002
6.38733579642808990e+002

IntrinsicCamera  
4
120

1.00000000000000000e+000
1.00000000000000000e+000

1.67490392802099930e+002
1.00000000000000000e+000
3.98654481293390080e+001
3.83653097074074270e+001

-2.21895583174246360e-004
-1.00208707564658390e-003
-1.14921319778174500e-001
9.83767801360655030e-002
1.13831142822838220e-001
-1.49497320737539740e-001
5.96439027884923880e-002
3.84772254621935450e+001
3.73160457848524560e+001


1.78021330592321860e-002
9.50836450829935840e+000
2.50352082925773370e-002

-8.81298573892387760e-003
7.70697239813996400e-003
-2.00937277648414820e-001


