IntrinsicCamera  
4
120

2448
2048

2.33285517777328640e+003
1.00000000000000000e+000
1.20744074451708250e+003
9.80942961368366470e+002

-8.27807814403237760e-005
-5.30430586565700990e-004
-6.70689079211634200e-002
1.28551236339954300e-002
4.29579187077252400e-001
-1.03514517544637140e+000
8.19626552866586700e-001
1.20744074451708250e+003
9.80942961368366470e+002


9.41600700053338180e+000
-1.54188366389564870e-002
5.06653360889247170e-001

-3.54004743310905490e-003
-1.02435876267433100e-001
-2.41542058347997330e-003


