IntrinsicCamera  
4
120

2048
2448

2.34214908475125280e+003
1.00000000000000000e+000
1.02560662132470160e+003
1.28010212337454750e+003

1.32505718071996040e-003
2.85535062751938040e-004
-7.59207750622082760e-002
9.25510180946981230e-002
9.07462253067943260e-002
-4.12690459761196340e-001
4.41183254906552750e-001
1.02560662132470160e+003
1.28010212337454750e+003


-3.49253432950262160e-002
-1.64474227641833730e+000
-1.85744574024683920e-001

4.24082751078874230e-002
-3.49782542522592170e-003
-1.55574803242463140e-003


