IntrinsicCamera  
4
120

2448
2048

2.33285517777328640e+003
1.00000000000000000e+000
1.20744074451708250e+003
9.80942961368366470e+002

-8.27807814403237760e-005
-5.30430586565700990e-004
-6.70689079211634200e-002
1.28551236339954300e-002
4.29579187077252400e-001
-1.03514517544637140e+000
8.19626552866586700e-001
1.20744074451708250e+003
9.80942961368366470e+002


1.10730299840707610e+001
8.49542433991884280e-003
4.87926056456647380e-001

-7.07578621684212560e-003
-5.99718043060659400e-002
-1.07661763813259620e-003


