IntrinsicCamera  
4
120

1024
1280

9.54004837508400560e+002
1.00000000000000000e+000
5.21986645247022470e+002
6.45030269444039390e+002

-1.56911320924741910e-003
-3.14451245886559470e-004
1.21721924909983820e-001
-1.02283529696323950e-001
6.36278427553930120e-003
3.69973775216105370e-002
-5.80443087551003740e-002
5.21986645247022470e+002
6.45030269444039390e+002

IntrinsicCamera  
4
120

1.00000000000000000e+000
1.00000000000000000e+000

1.68657188873273980e+002
1.00000000000000000e+000
4.28223695515527250e+001
3.33481166734037230e+001

-3.42468464347883020e-004
-1.58198151323651330e-004
-1.13492682968910910e-001
9.91479062474652780e-002
1.17138646118472040e-001
-1.55321891365815590e-001
6.28056867537506310e-002
4.13579628464357610e+001
3.16236880682539690e+001


2.32381434438028900e-003
9.51096461659451720e+000
2.10914653483142120e-004

-6.30108759407750370e-003
8.61383696912447310e-003
-2.00270870720448660e-001


