IntrinsicCamera  
4
120

2448
2048

2.34196469895732570e+003
1.00000000000000000e+000
1.20307492801027020e+003
9.52590104207590680e+002

-7.81212802128302570e-004
-4.12038705944901970e-004
-7.20301696509396270e-002
3.03563359096322010e-002
5.10576859247984020e-001
-1.50297245854246530e+000
1.37760266212042560e+000
1.20307492801027020e+003
9.52590104207590680e+002


9.43158184450967600e+000
2.18736398428152070e-002
4.88203759359441160e-001

-5.33133759341535050e-004
-1.06335631662628310e-001
5.10429177219627780e-003


