IntrinsicCamera  
4
120

2448
2048

2.34196469895732570e+003
1.00000000000000000e+000
1.20307492801027020e+003
9.52590104207590680e+002

-7.81212802128302570e-004
-4.12038705944901970e-004
-7.20301696509396270e-002
3.03563359096322010e-002
5.10576859247984020e-001
-1.50297245854246530e+000
1.37760266212042560e+000
1.20307492801027020e+003
9.52590104207590680e+002


1.10921878926858370e+001
3.62001162676355290e-002
4.60815720893622380e-001

2.89155734653175500e-003
-5.65668005823245080e-002
3.71212692463844490e-003


