IntrinsicCamera  
4
120

2048
2448

2.33222016805253680e+003
1.00000000000000000e+000
9.76814811278679710e+002
1.22039462397196300e+003

1.51397778944452070e-003
2.06283701042197930e-004
-7.22399183299241990e-002
4.42792469293223980e-002
2.64849145766503200e-001
-5.93523712424252060e-001
4.01278722124201460e-001
9.76814811278679710e+002
1.22039462397196300e+003


-1.45089714631531070e-002
-1.64884018170564330e+000
-2.01779299560274520e-001

4.97449325960064650e-002
3.50829321672052430e-003
1.76764794087017430e-003


