IntrinsicCamera  
4
120

1024
1280

9.52672094291175650e+002
1.00000000000000000e+000
4.99554546380552100e+002
6.55473672074347180e+002

-8.94754091393279110e-004
-6.47571784743692010e-004
1.17456418220620490e-001
-7.67411782455578870e-002
-5.07177752323341380e-002
6.16621298607198530e-002
-3.62253929920287390e-002
4.99554546380552100e+002
6.55473672074347180e+002

IntrinsicCamera  
4
120

1.00000000000000000e+000
1.00000000000000000e+000

1.68558871740131850e+002
1.00000000000000000e+000
3.89106964496784680e+001
3.01600417229802740e+001

1.05486939149608020e-004
-1.81755372399890460e-004
-1.13693899747596180e-001
1.04659309396418990e-001
1.05005860156417190e-001
-1.42578786529086820e-001
5.78473145920441680e-002
3.77823892480821470e+001
2.91697342414424770e+001


1.30950131270236400e-003
9.51023180399134740e+000
-2.79076892070849840e-002

-5.71997636214003570e-003
2.01512714361749660e-003
-2.05419649224122950e-001


